1 pad (5 pocket) Default data water HJB
05/12/2025. 22:18:25
2 0 25 0 8 0 0 2 2 1 0
1 0 999 10 7 0 0 3 1 1 0
1 1 0 0
0.00010425 0.00010425 0.125 0.085 0.0 0.0 0.0 0.0425
0 24.0 132.0 0.0
0 204.0 132.0 0.0
1e-20 0.00010425
0.085 0.00010425
0.0 0.0 0.0 0.0 0.0 1e-20 1e-20
0.01694 876.0 0.01694 876.0 6e-10
1959.0 0.131 0.0008 0.0102
99000.0
100000.0 876.0 0.01694 0.0
100000.0 876.0 0.01694 0.0
100000.0 100000.0 0.01694 0.01694 876.0 876.0
1.0 0.0 0.2 0.5 0.5
0.0 0.0 0.0 0.0 0.0
333.9 1e-20 0.0 0.0 0.001375 500000.0 0.3333
0.8 0.6 0.9 0.01 0.01 0.0001
0.0 0.5
0.5
0.0 0.0 1.0
363.3 353.3
0.0
9 2
400.0 1 1 0 10000.0
850.0 1 1 0 10000.0
1300.0 1 1 0 10000.0
1750.0 1 1 0 10000.0
2200.0 1 1 0 10000.0
2650.0 1 1 0 10000.0
3100.0 1 1 0 10000.0
3550.0 1 1 0 10000.0
4000.0 1 1 0 10000.0