          52          16
  0.41887902047863912      -0.68000000000000016        0.0000000000000000     
  0.41887902047863912      -0.58285714285714296        0.0000000000000000     
  0.41887902047863912      -0.48571428571428577        0.0000000000000000     
  0.41887902047863912      -0.38857142857142862        0.0000000000000000     
  0.41887902047863912      -0.29142857142857148        0.0000000000000000     
  0.41887902047863912      -0.19428571428571431        0.0000000000000000     
  0.41887902047863912       -9.7142857142857156E-002   0.0000000000000000     
  0.41887902047863912       -0.0000000000000000        0.0000000000000000     
  0.41887902047863912        0.0000000000000000        0.0000000000000000     
  0.41887902047863912        0.0000000000000000        0.0000000000000000     
  0.41887902047863912        0.0000000000000000        0.0000000000000000     
  0.41887902047863912        9.7142857142857156E-002   0.0000000000000000     
  0.41887902047863912       0.19428571428571431        0.0000000000000000     
  0.41887902047863912       0.29142857142857148        0.0000000000000000     
  0.41887902047863912       0.38857142857142862        0.0000000000000000     
  0.41887902047863912       0.48571428571428577        0.0000000000000000     
  0.41887902047863912       0.58285714285714296        0.0000000000000000     
  0.41887902047863912       0.68000000000000016        0.0000000000000000     
  0.51487212933832727      -0.68000000000000016        0.0000000000000000     
  0.51487212933832727      -0.58285714285714296        0.0000000000000000     
  0.51487212933832727      -0.48571428571428577        0.0000000000000000     
  0.51487212933832727      -0.38857142857142862        0.0000000000000000     
  0.51487212933832727      -0.29142857142857148        0.0000000000000000     
  0.51487212933832727      -0.19428571428571431        0.0000000000000000     
  0.51487212933832727       -9.7142857142857156E-002   0.0000000000000000     
  0.51487212933832727       -0.0000000000000000        0.0000000000000000     
  0.51487212933832727        0.0000000000000000        0.0000000000000000     
  0.51487212933832727        0.0000000000000000        0.0000000000000000     
  0.51487212933832727        0.0000000000000000        0.0000000000000000     
  0.51487212933832727        9.7142857142857156E-002   0.0000000000000000     
  0.51487212933832727       0.19428571428571431        0.0000000000000000     
  0.51487212933832727       0.29142857142857148        0.0000000000000000     
  0.51487212933832727       0.38857142857142862        0.0000000000000000     
  0.51487212933832727       0.48571428571428577        0.0000000000000000     
  0.51487212933832727       0.58285714285714296        0.0000000000000000     
  0.51487212933832727       0.68000000000000016        0.0000000000000000     
  0.61086523819801541      -0.68000000000000016        0.0000000000000000     
  0.61086523819801541      -0.58285714285714296        0.0000000000000000     
  0.61086523819801541      -0.48571428571428577        0.0000000000000000     
  0.61086523819801541      -0.38857142857142862        0.0000000000000000     
  0.61086523819801541      -0.29142857142857148        0.0000000000000000     
  0.61086523819801541      -0.19428571428571431        0.0000000000000000     
  0.61086523819801541       -9.7142857142857156E-002   0.0000000000000000     
  0.61086523819801541       -0.0000000000000000        0.0000000000000000     
  0.61086523819801541        0.0000000000000000        0.0000000000000000     
  0.61086523819801541        0.0000000000000000        0.0000000000000000     
  0.61086523819801541        0.0000000000000000        0.0000000000000000     
  0.61086523819801541        9.7142857142857156E-002   0.0000000000000000     
  0.61086523819801541       0.19428571428571431        0.0000000000000000     
  0.61086523819801541       0.29142857142857148        0.0000000000000000     
  0.61086523819801541       0.38857142857142862        0.0000000000000000     
  0.61086523819801541       0.48571428571428577        0.0000000000000000     
  0.61086523819801541       0.58285714285714296        0.0000000000000000     
  0.61086523819801541       0.68000000000000016        0.0000000000000000     
  0.70685834705770356      -0.68000000000000016        0.0000000000000000     
  0.70685834705770356      -0.58285714285714296        0.0000000000000000     
  0.70685834705770356      -0.48571428571428577        0.0000000000000000     
  0.70685834705770356      -0.38857142857142862        0.0000000000000000     
  0.70685834705770356      -0.29142857142857148        0.0000000000000000     
  0.70685834705770356      -0.19428571428571431        0.0000000000000000     
  0.70685834705770356       -9.7142857142857156E-002   0.0000000000000000     
  0.70685834705770356       -0.0000000000000000        0.0000000000000000     
  0.70685834705770356        0.0000000000000000        0.0000000000000000     
  0.70685834705770356        0.0000000000000000        0.0000000000000000     
  0.70685834705770356        0.0000000000000000        0.0000000000000000     
  0.70685834705770356        9.7142857142857156E-002   0.0000000000000000     
  0.70685834705770356       0.19428571428571431        0.0000000000000000     
  0.70685834705770356       0.29142857142857148        0.0000000000000000     
  0.70685834705770356       0.38857142857142862        0.0000000000000000     
  0.70685834705770356       0.48571428571428577        0.0000000000000000     
  0.70685834705770356       0.58285714285714296        0.0000000000000000     
  0.70685834705770356       0.68000000000000016        0.0000000000000000     
  0.80285145591739171      -0.68000000000000016        0.0000000000000000     
  0.80285145591739171      -0.58285714285714296        0.0000000000000000     
  0.80285145591739171      -0.48571428571428577        0.0000000000000000     
  0.80285145591739171      -0.38857142857142862        0.0000000000000000     
  0.80285145591739171      -0.29142857142857148        0.0000000000000000     
  0.80285145591739171      -0.19428571428571431        0.0000000000000000     
  0.80285145591739171       -9.7142857142857156E-002   0.0000000000000000     
  0.80285145591739171       -0.0000000000000000        0.0000000000000000     
  0.80285145591739171        0.0000000000000000        0.0000000000000000     
  0.80285145591739171        0.0000000000000000        0.0000000000000000     
  0.80285145591739171        0.0000000000000000        0.0000000000000000     
  0.80285145591739171        9.7142857142857156E-002   0.0000000000000000     
  0.80285145591739171       0.19428571428571431        0.0000000000000000     
  0.80285145591739171       0.29142857142857148        0.0000000000000000     
  0.80285145591739171       0.38857142857142862        0.0000000000000000     
  0.80285145591739171       0.48571428571428577        0.0000000000000000     
  0.80285145591739171       0.58285714285714296        0.0000000000000000     
  0.80285145591739171       0.68000000000000016        0.0000000000000000     
  0.89884456477707986      -0.68000000000000016        0.0000000000000000     
  0.89884456477707986      -0.58285714285714296        0.0000000000000000     
  0.89884456477707986      -0.48571428571428577        0.0000000000000000     
  0.89884456477707986      -0.38857142857142862        0.0000000000000000     
  0.89884456477707986      -0.29142857142857148        0.0000000000000000     
  0.89884456477707986      -0.19428571428571431        0.0000000000000000     
  0.89884456477707986       -9.7142857142857156E-002   0.0000000000000000     
  0.89884456477707986       -0.0000000000000000        0.0000000000000000     
  0.89884456477707986        0.0000000000000000        0.0000000000000000     
  0.89884456477707986        0.0000000000000000        0.0000000000000000     
  0.89884456477707986        0.0000000000000000        0.0000000000000000     
  0.89884456477707986        9.7142857142857156E-002   0.0000000000000000     
  0.89884456477707986       0.19428571428571431        0.0000000000000000     
  0.89884456477707986       0.29142857142857148        0.0000000000000000     
  0.89884456477707986       0.38857142857142862        0.0000000000000000     
  0.89884456477707986       0.48571428571428577        0.0000000000000000     
  0.89884456477707986       0.58285714285714296        0.0000000000000000     
  0.89884456477707986       0.68000000000000016        0.0000000000000000     
  0.99483767363676801      -0.68000000000000016        0.0000000000000000     
  0.99483767363676801      -0.58285714285714296        0.0000000000000000     
  0.99483767363676801      -0.48571428571428577        0.0000000000000000     
  0.99483767363676801      -0.38857142857142862        0.0000000000000000     
  0.99483767363676801      -0.29142857142857148        0.0000000000000000     
  0.99483767363676801      -0.19428571428571431        0.0000000000000000     
  0.99483767363676801       -9.7142857142857156E-002   0.0000000000000000     
  0.99483767363676801       -0.0000000000000000        0.0000000000000000     
  0.99483767363676801        0.0000000000000000        0.0000000000000000     
  0.99483767363676801        0.0000000000000000        0.0000000000000000     
  0.99483767363676801        0.0000000000000000        0.0000000000000000     
  0.99483767363676801        9.7142857142857156E-002   0.0000000000000000     
  0.99483767363676801       0.19428571428571431        0.0000000000000000     
  0.99483767363676801       0.29142857142857148        0.0000000000000000     
  0.99483767363676801       0.38857142857142862        0.0000000000000000     
  0.99483767363676801       0.48571428571428577        0.0000000000000000     
  0.99483767363676801       0.58285714285714296        0.0000000000000000     
  0.99483767363676801       0.68000000000000016        0.0000000000000000     
   1.0908307824964560      -0.68000000000000016        0.0000000000000000     
   1.0908307824964560      -0.58285714285714296        0.0000000000000000     
   1.0908307824964560      -0.48571428571428577        0.0000000000000000     
   1.0908307824964560      -0.38857142857142862        0.0000000000000000     
   1.0908307824964560      -0.29142857142857148        0.0000000000000000     
   1.0908307824964560      -0.19428571428571431        0.0000000000000000     
   1.0908307824964560       -9.7142857142857156E-002   0.0000000000000000     
   1.0908307824964560       -0.0000000000000000        0.0000000000000000     
   1.0908307824964560        0.0000000000000000        0.0000000000000000     
   1.0908307824964560        0.0000000000000000        0.0000000000000000     
   1.0908307824964560        0.0000000000000000        0.0000000000000000     
   1.0908307824964560        9.7142857142857156E-002   0.0000000000000000     
   1.0908307824964560       0.19428571428571431        0.0000000000000000     
   1.0908307824964560       0.29142857142857148        0.0000000000000000     
   1.0908307824964560       0.38857142857142862        0.0000000000000000     
   1.0908307824964560       0.48571428571428577        0.0000000000000000     
   1.0908307824964560       0.58285714285714296        0.0000000000000000     
   1.0908307824964560       0.68000000000000016        0.0000000000000000     
   1.1868238913561442      -0.68000000000000016        0.0000000000000000     
   1.1868238913561442      -0.58285714285714296        0.0000000000000000     
   1.1868238913561442      -0.48571428571428577        0.0000000000000000     
   1.1868238913561442      -0.38857142857142862        0.0000000000000000     
   1.1868238913561442      -0.29142857142857148        0.0000000000000000     
   1.1868238913561442      -0.19428571428571431        0.0000000000000000     
   1.1868238913561442       -9.7142857142857156E-002   0.0000000000000000     
   1.1868238913561442       -0.0000000000000000        0.0000000000000000     
   1.1868238913561442        0.0000000000000000        0.0000000000000000     
   1.1868238913561442        0.0000000000000000        0.0000000000000000     
   1.1868238913561442        0.0000000000000000        0.0000000000000000     
   1.1868238913561442        9.7142857142857156E-002   0.0000000000000000     
   1.1868238913561442       0.19428571428571431        0.0000000000000000     
   1.1868238913561442       0.29142857142857148        0.0000000000000000     
   1.1868238913561442       0.38857142857142862        0.0000000000000000     
   1.1868238913561442       0.48571428571428577        0.0000000000000000     
   1.1868238913561442       0.58285714285714296        0.0000000000000000     
   1.1868238913561442       0.68000000000000016        0.0000000000000000     
   1.2828170002158323      -0.68000000000000016        0.0000000000000000     
   1.2828170002158323      -0.58285714285714296        0.0000000000000000     
   1.2828170002158323      -0.48571428571428577        0.0000000000000000     
   1.2828170002158323      -0.38857142857142862        0.0000000000000000     
   1.2828170002158323      -0.29142857142857148        0.0000000000000000     
   1.2828170002158323      -0.19428571428571431        0.0000000000000000     
   1.2828170002158323       -9.7142857142857156E-002   0.0000000000000000     
   1.2828170002158323       -0.0000000000000000        0.0000000000000000     
   1.2828170002158323        0.0000000000000000        0.0000000000000000     
   1.2828170002158323        0.0000000000000000        0.0000000000000000     
   1.2828170002158323        0.0000000000000000        0.0000000000000000     
   1.2828170002158323        9.7142857142857156E-002   0.0000000000000000     
   1.2828170002158323       0.19428571428571431        0.0000000000000000     
   1.2828170002158323       0.29142857142857148        0.0000000000000000     
   1.2828170002158323       0.38857142857142862        0.0000000000000000     
   1.2828170002158323       0.48571428571428577        0.0000000000000000     
   1.2828170002158323       0.58285714285714296        0.0000000000000000     
   1.2828170002158323       0.68000000000000016        0.0000000000000000     
   1.3788101090755205      -0.68000000000000016        0.0000000000000000     
   1.3788101090755205      -0.58285714285714296        0.0000000000000000     
   1.3788101090755205      -0.48571428571428577        0.0000000000000000     
   1.3788101090755205      -0.38857142857142862        0.0000000000000000     
   1.3788101090755205      -0.29142857142857148        0.0000000000000000     
   1.3788101090755205      -0.19428571428571431        0.0000000000000000     
   1.3788101090755205       -9.7142857142857156E-002   0.0000000000000000     
   1.3788101090755205       -0.0000000000000000        0.0000000000000000     
   1.3788101090755205        0.0000000000000000        0.0000000000000000     
   1.3788101090755205        0.0000000000000000        0.0000000000000000     
   1.3788101090755205        0.0000000000000000        0.0000000000000000     
   1.3788101090755205        9.7142857142857156E-002   0.0000000000000000     
   1.3788101090755205       0.19428571428571431        0.0000000000000000     
   1.3788101090755205       0.29142857142857148        0.0000000000000000     
   1.3788101090755205       0.38857142857142862        0.0000000000000000     
   1.3788101090755205       0.48571428571428577        0.0000000000000000     
   1.3788101090755205       0.58285714285714296        0.0000000000000000     
   1.3788101090755205       0.68000000000000016        0.0000000000000000     
   1.4748032179352086      -0.68000000000000016        0.0000000000000000     
   1.4748032179352086      -0.58285714285714296        0.0000000000000000     
   1.4748032179352086      -0.48571428571428577        0.0000000000000000     
   1.4748032179352086      -0.38857142857142862        0.0000000000000000     
   1.4748032179352086      -0.29142857142857148        0.0000000000000000     
   1.4748032179352086      -0.19428571428571431        0.0000000000000000     
   1.4748032179352086       -9.7142857142857156E-002   0.0000000000000000     
   1.4748032179352086       -0.0000000000000000        0.0000000000000000     
   1.4748032179352086        0.0000000000000000        0.0000000000000000     
   1.4748032179352086        0.0000000000000000        0.0000000000000000     
   1.4748032179352086        0.0000000000000000        0.0000000000000000     
   1.4748032179352086        9.7142857142857156E-002   0.0000000000000000     
   1.4748032179352086       0.19428571428571431        0.0000000000000000     
   1.4748032179352086       0.29142857142857148        0.0000000000000000     
   1.4748032179352086       0.38857142857142862        0.0000000000000000     
   1.4748032179352086       0.48571428571428577        0.0000000000000000     
   1.4748032179352086       0.58285714285714296        0.0000000000000000     
   1.4748032179352086       0.68000000000000016        0.0000000000000000     
   1.5707963267948968      -0.68000000000000016        0.0000000000000000     
   1.5707963267948968      -0.58285714285714296        0.0000000000000000     
   1.5707963267948968      -0.48571428571428577        0.0000000000000000     
   1.5707963267948968      -0.38857142857142862        0.0000000000000000     
   1.5707963267948968      -0.29142857142857148        0.0000000000000000     
   1.5707963267948968      -0.19428571428571431        0.0000000000000000     
   1.5707963267948968       -9.7142857142857156E-002   0.0000000000000000     
   1.5707963267948968       -0.0000000000000000        0.0000000000000000     
   1.5707963267948968        0.0000000000000000        0.0000000000000000     
   1.5707963267948968        0.0000000000000000        0.0000000000000000     
   1.5707963267948968        0.0000000000000000        0.0000000000000000     
   1.5707963267948968        9.7142857142857156E-002   0.0000000000000000     
   1.5707963267948968       0.19428571428571431        0.0000000000000000     
   1.5707963267948968       0.29142857142857148        0.0000000000000000     
   1.5707963267948968       0.38857142857142862        0.0000000000000000     
   1.5707963267948968       0.48571428571428577        0.0000000000000000     
   1.5707963267948968       0.58285714285714296        0.0000000000000000     
   1.5707963267948968       0.68000000000000016        0.0000000000000000     
   1.6667894356545849      -0.68000000000000016        0.0000000000000000     
   1.6667894356545849      -0.58285714285714296        0.0000000000000000     
   1.6667894356545849      -0.48571428571428577        0.0000000000000000     
   1.6667894356545849      -0.38857142857142862        0.0000000000000000     
   1.6667894356545849      -0.29142857142857148        0.0000000000000000     
   1.6667894356545849      -0.19428571428571431        0.0000000000000000     
   1.6667894356545849       -9.7142857142857156E-002   0.0000000000000000     
   1.6667894356545849       -0.0000000000000000        0.0000000000000000     
   1.6667894356545849        0.0000000000000000        0.0000000000000000     
   1.6667894356545849        0.0000000000000000        0.0000000000000000     
   1.6667894356545849        0.0000000000000000        0.0000000000000000     
   1.6667894356545849        9.7142857142857156E-002   0.0000000000000000     
   1.6667894356545849       0.19428571428571431        0.0000000000000000     
   1.6667894356545849       0.29142857142857148        0.0000000000000000     
   1.6667894356545849       0.38857142857142862        0.0000000000000000     
   1.6667894356545849       0.48571428571428577        0.0000000000000000     
   1.6667894356545849       0.58285714285714296        0.0000000000000000     
   1.6667894356545849       0.68000000000000016        0.0000000000000000     
   1.7627825445142731      -0.68000000000000016        0.0000000000000000     
   1.7627825445142731      -0.58285714285714296        0.0000000000000000     
   1.7627825445142731      -0.48571428571428577        0.0000000000000000     
   1.7627825445142731      -0.38857142857142862        0.0000000000000000     
   1.7627825445142731      -0.29142857142857148        0.0000000000000000     
   1.7627825445142731      -0.19428571428571431        0.0000000000000000     
   1.7627825445142731       -9.7142857142857156E-002   0.0000000000000000     
   1.7627825445142731       -0.0000000000000000        0.0000000000000000     
   1.7627825445142731        0.0000000000000000        0.0000000000000000     
   1.7627825445142731        0.0000000000000000        0.0000000000000000     
   1.7627825445142731        0.0000000000000000        0.0000000000000000     
   1.7627825445142731        9.7142857142857156E-002   0.0000000000000000     
   1.7627825445142731       0.19428571428571431        0.0000000000000000     
   1.7627825445142731       0.29142857142857148        0.0000000000000000     
   1.7627825445142731       0.38857142857142862        0.0000000000000000     
   1.7627825445142731       0.48571428571428577        0.0000000000000000     
   1.7627825445142731       0.58285714285714296        0.0000000000000000     
   1.7627825445142731       0.68000000000000016        0.0000000000000000     
   1.8587756533739612      -0.68000000000000016        0.0000000000000000     
   1.8587756533739612      -0.58285714285714296        0.0000000000000000     
   1.8587756533739612      -0.48571428571428577        0.0000000000000000     
   1.8587756533739612      -0.38857142857142862        0.0000000000000000     
   1.8587756533739612      -0.29142857142857148        0.0000000000000000     
   1.8587756533739612      -0.19428571428571431        0.0000000000000000     
   1.8587756533739612       -9.7142857142857156E-002   0.0000000000000000     
   1.8587756533739612       -0.0000000000000000        0.0000000000000000     
   1.8587756533739612        0.0000000000000000        0.0000000000000000     
   1.8587756533739612        0.0000000000000000        0.0000000000000000     
   1.8587756533739612        0.0000000000000000        0.0000000000000000     
   1.8587756533739612        9.7142857142857156E-002   0.0000000000000000     
   1.8587756533739612       0.19428571428571431        0.0000000000000000     
   1.8587756533739612       0.29142857142857148        0.0000000000000000     
   1.8587756533739612       0.38857142857142862        0.0000000000000000     
   1.8587756533739612       0.48571428571428577        0.0000000000000000     
   1.8587756533739612       0.58285714285714296        0.0000000000000000     
   1.8587756533739612       0.68000000000000016        0.0000000000000000     
   1.9547687622336494      -0.68000000000000016        0.0000000000000000     
   1.9547687622336494      -0.58285714285714296        0.0000000000000000     
   1.9547687622336494      -0.48571428571428577        0.0000000000000000     
   1.9547687622336494      -0.38857142857142862        0.0000000000000000     
   1.9547687622336494      -0.29142857142857148        0.0000000000000000     
   1.9547687622336494      -0.19428571428571431        0.0000000000000000     
   1.9547687622336494       -9.7142857142857156E-002   0.0000000000000000     
   1.9547687622336494       -0.0000000000000000        0.0000000000000000     
   1.9547687622336494        0.0000000000000000        0.0000000000000000     
   1.9547687622336494        0.0000000000000000        0.0000000000000000     
   1.9547687622336494        0.0000000000000000        0.0000000000000000     
   1.9547687622336494        9.7142857142857156E-002   0.0000000000000000     
   1.9547687622336494       0.19428571428571431        0.0000000000000000     
   1.9547687622336494       0.29142857142857148        0.0000000000000000     
   1.9547687622336494       0.38857142857142862        0.0000000000000000     
   1.9547687622336494       0.48571428571428577        0.0000000000000000     
   1.9547687622336494       0.58285714285714296        0.0000000000000000     
   1.9547687622336494       0.68000000000000016        0.0000000000000000     
   2.0507618710933375      -0.68000000000000016        0.0000000000000000     
   2.0507618710933375      -0.58285714285714296        0.0000000000000000     
   2.0507618710933375      -0.48571428571428577        0.0000000000000000     
   2.0507618710933375      -0.38857142857142862        0.0000000000000000     
   2.0507618710933375      -0.29142857142857148        0.0000000000000000     
   2.0507618710933375      -0.19428571428571431        0.0000000000000000     
   2.0507618710933375       -9.7142857142857156E-002   0.0000000000000000     
   2.0507618710933375       -0.0000000000000000        0.0000000000000000     
   2.0507618710933375        0.0000000000000000        0.0000000000000000     
   2.0507618710933375        0.0000000000000000        0.0000000000000000     
   2.0507618710933375        0.0000000000000000        0.0000000000000000     
   2.0507618710933375        9.7142857142857156E-002   0.0000000000000000     
   2.0507618710933375       0.19428571428571431        0.0000000000000000     
   2.0507618710933375       0.29142857142857148        0.0000000000000000     
   2.0507618710933375       0.38857142857142862        0.0000000000000000     
   2.0507618710933375       0.48571428571428577        0.0000000000000000     
   2.0507618710933375       0.58285714285714296        0.0000000000000000     
   2.0507618710933375       0.68000000000000016        0.0000000000000000     
   2.1467549799530254      -0.68000000000000016        0.0000000000000000     
   2.1467549799530254      -0.58285714285714296        0.0000000000000000     
   2.1467549799530254      -0.48571428571428577        0.0000000000000000     
   2.1467549799530254      -0.38857142857142862        0.0000000000000000     
   2.1467549799530254      -0.29142857142857148        0.0000000000000000     
   2.1467549799530254      -0.19428571428571431        0.0000000000000000     
   2.1467549799530254       -9.7142857142857156E-002   0.0000000000000000     
   2.1467549799530254       -0.0000000000000000        0.0000000000000000     
   2.1467549799530254        0.0000000000000000        0.0000000000000000     
   2.1467549799530254        0.0000000000000000        0.0000000000000000     
   2.1467549799530254        0.0000000000000000        0.0000000000000000     
   2.1467549799530254        9.7142857142857156E-002   0.0000000000000000     
   2.1467549799530254       0.19428571428571431        0.0000000000000000     
   2.1467549799530254       0.29142857142857148        0.0000000000000000     
   2.1467549799530254       0.38857142857142862        0.0000000000000000     
   2.1467549799530254       0.48571428571428577        0.0000000000000000     
   2.1467549799530254       0.58285714285714296        0.0000000000000000     
   2.1467549799530254       0.68000000000000016        0.0000000000000000     
   2.2427480888127134      -0.68000000000000016        0.0000000000000000     
   2.2427480888127134      -0.58285714285714296        0.0000000000000000     
   2.2427480888127134      -0.48571428571428577        0.0000000000000000     
   2.2427480888127134      -0.38857142857142862        0.0000000000000000     
   2.2427480888127134      -0.29142857142857148        0.0000000000000000     
   2.2427480888127134      -0.19428571428571431        0.0000000000000000     
   2.2427480888127134       -9.7142857142857156E-002   0.0000000000000000     
   2.2427480888127134       -0.0000000000000000        0.0000000000000000     
   2.2427480888127134        0.0000000000000000        0.0000000000000000     
   2.2427480888127134        0.0000000000000000        0.0000000000000000     
   2.2427480888127134        0.0000000000000000        0.0000000000000000     
   2.2427480888127134        9.7142857142857156E-002   0.0000000000000000     
   2.2427480888127134       0.19428571428571431        0.0000000000000000     
   2.2427480888127134       0.29142857142857148        0.0000000000000000     
   2.2427480888127134       0.38857142857142862        0.0000000000000000     
   2.2427480888127134       0.48571428571428577        0.0000000000000000     
   2.2427480888127134       0.58285714285714296        0.0000000000000000     
   2.2427480888127134       0.68000000000000016        0.0000000000000000     
   2.3387411976724013      -0.68000000000000016        0.0000000000000000     
   2.3387411976724013      -0.58285714285714296        0.0000000000000000     
   2.3387411976724013      -0.48571428571428577        0.0000000000000000     
   2.3387411976724013      -0.38857142857142862        0.0000000000000000     
   2.3387411976724013      -0.29142857142857148        0.0000000000000000     
   2.3387411976724013      -0.19428571428571431        0.0000000000000000     
   2.3387411976724013       -9.7142857142857156E-002   0.0000000000000000     
   2.3387411976724013       -0.0000000000000000        0.0000000000000000     
   2.3387411976724013        0.0000000000000000        0.0000000000000000     
   2.3387411976724013        0.0000000000000000        0.0000000000000000     
   2.3387411976724013        0.0000000000000000        0.0000000000000000     
   2.3387411976724013        9.7142857142857156E-002   0.0000000000000000     
   2.3387411976724013       0.19428571428571431        0.0000000000000000     
   2.3387411976724013       0.29142857142857148        0.0000000000000000     
   2.3387411976724013       0.38857142857142862        0.0000000000000000     
   2.3387411976724013       0.48571428571428577        0.0000000000000000     
   2.3387411976724013       0.58285714285714296        0.0000000000000000     
   2.3387411976724013       0.68000000000000016        0.0000000000000000     
   2.4347343065320892      -0.68000000000000016        0.0000000000000000     
   2.4347343065320892      -0.58285714285714296        0.0000000000000000     
   2.4347343065320892      -0.48571428571428577        0.0000000000000000     
   2.4347343065320892      -0.38857142857142862        0.0000000000000000     
   2.4347343065320892      -0.29142857142857148        0.0000000000000000     
   2.4347343065320892      -0.19428571428571431        0.0000000000000000     
   2.4347343065320892       -9.7142857142857156E-002   0.0000000000000000     
   2.4347343065320892       -0.0000000000000000        0.0000000000000000     
   2.4347343065320892        0.0000000000000000        0.0000000000000000     
   2.4347343065320892        0.0000000000000000        0.0000000000000000     
   2.4347343065320892        0.0000000000000000        0.0000000000000000     
   2.4347343065320892        9.7142857142857156E-002   0.0000000000000000     
   2.4347343065320892       0.19428571428571431        0.0000000000000000     
   2.4347343065320892       0.29142857142857148        0.0000000000000000     
   2.4347343065320892       0.38857142857142862        0.0000000000000000     
   2.4347343065320892       0.48571428571428577        0.0000000000000000     
   2.4347343065320892       0.58285714285714296        0.0000000000000000     
   2.4347343065320892       0.68000000000000016        0.0000000000000000     
   2.5307274153917771      -0.68000000000000016        0.0000000000000000     
   2.5307274153917771      -0.58285714285714296        0.0000000000000000     
   2.5307274153917771      -0.48571428571428577        0.0000000000000000     
   2.5307274153917771      -0.38857142857142862        0.0000000000000000     
   2.5307274153917771      -0.29142857142857148        0.0000000000000000     
   2.5307274153917771      -0.19428571428571431        0.0000000000000000     
   2.5307274153917771       -9.7142857142857156E-002   0.0000000000000000     
   2.5307274153917771       -0.0000000000000000        0.0000000000000000     
   2.5307274153917771        0.0000000000000000        0.0000000000000000     
   2.5307274153917771        0.0000000000000000        0.0000000000000000     
   2.5307274153917771        0.0000000000000000        0.0000000000000000     
   2.5307274153917771        9.7142857142857156E-002   0.0000000000000000     
   2.5307274153917771       0.19428571428571431        0.0000000000000000     
   2.5307274153917771       0.29142857142857148        0.0000000000000000     
   2.5307274153917771       0.38857142857142862        0.0000000000000000     
   2.5307274153917771       0.48571428571428577        0.0000000000000000     
   2.5307274153917771       0.58285714285714296        0.0000000000000000     
   2.5307274153917771       0.68000000000000016        0.0000000000000000     
   2.6267205242514651      -0.68000000000000016        0.0000000000000000     
   2.6267205242514651      -0.58285714285714296        0.0000000000000000     
   2.6267205242514651      -0.48571428571428577        0.0000000000000000     
   2.6267205242514651      -0.38857142857142862        0.0000000000000000     
   2.6267205242514651      -0.29142857142857148        0.0000000000000000     
   2.6267205242514651      -0.19428571428571431        0.0000000000000000     
   2.6267205242514651       -9.7142857142857156E-002   0.0000000000000000     
   2.6267205242514651       -0.0000000000000000        0.0000000000000000     
   2.6267205242514651        0.0000000000000000        0.0000000000000000     
   2.6267205242514651        0.0000000000000000        0.0000000000000000     
   2.6267205242514651        0.0000000000000000        0.0000000000000000     
   2.6267205242514651        9.7142857142857156E-002   0.0000000000000000     
   2.6267205242514651       0.19428571428571431        0.0000000000000000     
   2.6267205242514651       0.29142857142857148        0.0000000000000000     
   2.6267205242514651       0.38857142857142862        0.0000000000000000     
   2.6267205242514651       0.48571428571428577        0.0000000000000000     
   2.6267205242514651       0.58285714285714296        0.0000000000000000     
   2.6267205242514651       0.68000000000000016        0.0000000000000000     
   2.7227136331111530      -0.68000000000000016        0.0000000000000000     
   2.7227136331111530      -0.58285714285714296        0.0000000000000000     
   2.7227136331111530      -0.48571428571428577        0.0000000000000000     
   2.7227136331111530      -0.38857142857142862        0.0000000000000000     
   2.7227136331111530      -0.29142857142857148        0.0000000000000000     
   2.7227136331111530      -0.19428571428571431        0.0000000000000000     
   2.7227136331111530       -9.7142857142857156E-002   0.0000000000000000     
   2.7227136331111530       -0.0000000000000000        0.0000000000000000     
   2.7227136331111530        0.0000000000000000        0.0000000000000000     
   2.7227136331111530        0.0000000000000000        0.0000000000000000     
   2.7227136331111530        0.0000000000000000        0.0000000000000000     
   2.7227136331111530        9.7142857142857156E-002   0.0000000000000000     
   2.7227136331111530       0.19428571428571431        0.0000000000000000     
   2.7227136331111530       0.29142857142857148        0.0000000000000000     
   2.7227136331111530       0.38857142857142862        0.0000000000000000     
   2.7227136331111530       0.48571428571428577        0.0000000000000000     
   2.7227136331111530       0.58285714285714296        0.0000000000000000     
   2.7227136331111530       0.68000000000000016        0.0000000000000000     
   2.7227136331111530      -0.68000000000000016       -2.0000000000000000     
   2.7227136331111530      -0.58285714285714296       -2.0000000000000000     
   2.7227136331111530      -0.48571428571428577       -2.0000000000000000     
   2.7227136331111530      -0.38857142857142862       -2.0000000000000000     
   2.7227136331111530      -0.29142857142857148       -2.0000000000000000     
   2.7227136331111530      -0.19428571428571431       -2.0000000000000000     
   2.7227136331111530       -9.7142857142857156E-002  -2.0000000000000000     
   2.7227136331111530       -0.0000000000000000       -2.0000000000000000     
   2.7227136331111530        0.0000000000000000       -2.0000000000000000     
   2.7227136331111530        0.0000000000000000       -2.0000000000000000     
   2.7227136331111530        0.0000000000000000       -2.0000000000000000     
   2.7227136331111530        9.7142857142857156E-002  -2.0000000000000000     
   2.7227136331111530       0.19428571428571431       -2.0000000000000000     
   2.7227136331111530       0.29142857142857148       -2.0000000000000000     
   2.7227136331111530       0.38857142857142862       -2.0000000000000000     
   2.7227136331111530       0.48571428571428577       -2.0000000000000000     
   2.7227136331111530       0.58285714285714296       -2.0000000000000000     
   2.7227136331111530       0.68000000000000016       -2.0000000000000000     
   3.5604716740684323      -0.68000000000000016       -2.0000000000000000     
   3.5604716740684323      -0.58285714285714296       -2.0000000000000000     
   3.5604716740684323      -0.48571428571428577       -2.0000000000000000     
   3.5604716740684323      -0.38857142857142862       -2.0000000000000000     
   3.5604716740684323      -0.29142857142857148       -2.0000000000000000     
   3.5604716740684323      -0.19428571428571431       -2.0000000000000000     
   3.5604716740684323       -9.7142857142857156E-002  -2.0000000000000000     
   3.5604716740684323       -0.0000000000000000       -2.0000000000000000     
   3.5604716740684323        0.0000000000000000       -2.0000000000000000     
   3.5604716740684323        0.0000000000000000       -2.0000000000000000     
   3.5604716740684323        0.0000000000000000       -2.0000000000000000     
   3.5604716740684323        9.7142857142857156E-002  -2.0000000000000000     
   3.5604716740684323       0.19428571428571431       -2.0000000000000000     
   3.5604716740684323       0.29142857142857148       -2.0000000000000000     
   3.5604716740684323       0.38857142857142862       -2.0000000000000000     
   3.5604716740684323       0.48571428571428577       -2.0000000000000000     
   3.5604716740684323       0.58285714285714296       -2.0000000000000000     
   3.5604716740684323       0.68000000000000016       -2.0000000000000000     
   3.5604716740684323      -0.68000000000000016        0.0000000000000000     
   3.5604716740684323      -0.58285714285714296        0.0000000000000000     
   3.5604716740684323      -0.48571428571428577        0.0000000000000000     
   3.5604716740684323      -0.38857142857142862        0.0000000000000000     
   3.5604716740684323      -0.29142857142857148        0.0000000000000000     
   3.5604716740684323      -0.19428571428571431        0.0000000000000000     
   3.5604716740684323       -9.7142857142857156E-002   0.0000000000000000     
   3.5604716740684323       -0.0000000000000000        0.0000000000000000     
   3.5604716740684323        0.0000000000000000        0.0000000000000000     
   3.5604716740684323        0.0000000000000000        0.0000000000000000     
   3.5604716740684323        0.0000000000000000        0.0000000000000000     
   3.5604716740684323        9.7142857142857156E-002   0.0000000000000000     
   3.5604716740684323       0.19428571428571431        0.0000000000000000     
   3.5604716740684323       0.29142857142857148        0.0000000000000000     
   3.5604716740684323       0.38857142857142862        0.0000000000000000     
   3.5604716740684323       0.48571428571428577        0.0000000000000000     
   3.5604716740684323       0.58285714285714296        0.0000000000000000     
   3.5604716740684323       0.68000000000000016        0.0000000000000000     
   3.6564647829281203      -0.68000000000000016        0.0000000000000000     
   3.6564647829281203      -0.58285714285714296        0.0000000000000000     
   3.6564647829281203      -0.48571428571428577        0.0000000000000000     
   3.6564647829281203      -0.38857142857142862        0.0000000000000000     
   3.6564647829281203      -0.29142857142857148        0.0000000000000000     
   3.6564647829281203      -0.19428571428571431        0.0000000000000000     
   3.6564647829281203       -9.7142857142857156E-002   0.0000000000000000     
   3.6564647829281203       -0.0000000000000000        0.0000000000000000     
   3.6564647829281203        0.0000000000000000        0.0000000000000000     
   3.6564647829281203        0.0000000000000000        0.0000000000000000     
   3.6564647829281203        0.0000000000000000        0.0000000000000000     
   3.6564647829281203        9.7142857142857156E-002   0.0000000000000000     
   3.6564647829281203       0.19428571428571431        0.0000000000000000     
   3.6564647829281203       0.29142857142857148        0.0000000000000000     
   3.6564647829281203       0.38857142857142862        0.0000000000000000     
   3.6564647829281203       0.48571428571428577        0.0000000000000000     
   3.6564647829281203       0.58285714285714296        0.0000000000000000     
   3.6564647829281203       0.68000000000000016        0.0000000000000000     
   3.7524578917878082      -0.68000000000000016        0.0000000000000000     
   3.7524578917878082      -0.58285714285714296        0.0000000000000000     
   3.7524578917878082      -0.48571428571428577        0.0000000000000000     
   3.7524578917878082      -0.38857142857142862        0.0000000000000000     
   3.7524578917878082      -0.29142857142857148        0.0000000000000000     
   3.7524578917878082      -0.19428571428571431        0.0000000000000000     
   3.7524578917878082       -9.7142857142857156E-002   0.0000000000000000     
   3.7524578917878082       -0.0000000000000000        0.0000000000000000     
   3.7524578917878082        0.0000000000000000        0.0000000000000000     
   3.7524578917878082        0.0000000000000000        0.0000000000000000     
   3.7524578917878082        0.0000000000000000        0.0000000000000000     
   3.7524578917878082        9.7142857142857156E-002   0.0000000000000000     
   3.7524578917878082       0.19428571428571431        0.0000000000000000     
   3.7524578917878082       0.29142857142857148        0.0000000000000000     
   3.7524578917878082       0.38857142857142862        0.0000000000000000     
   3.7524578917878082       0.48571428571428577        0.0000000000000000     
   3.7524578917878082       0.58285714285714296        0.0000000000000000     
   3.7524578917878082       0.68000000000000016        0.0000000000000000     
   3.8484510006474961      -0.68000000000000016        0.0000000000000000     
   3.8484510006474961      -0.58285714285714296        0.0000000000000000     
   3.8484510006474961      -0.48571428571428577        0.0000000000000000     
   3.8484510006474961      -0.38857142857142862        0.0000000000000000     
   3.8484510006474961      -0.29142857142857148        0.0000000000000000     
   3.8484510006474961      -0.19428571428571431        0.0000000000000000     
   3.8484510006474961       -9.7142857142857156E-002   0.0000000000000000     
   3.8484510006474961       -0.0000000000000000        0.0000000000000000     
   3.8484510006474961        0.0000000000000000        0.0000000000000000     
   3.8484510006474961        0.0000000000000000        0.0000000000000000     
   3.8484510006474961        0.0000000000000000        0.0000000000000000     
   3.8484510006474961        9.7142857142857156E-002   0.0000000000000000     
   3.8484510006474961       0.19428571428571431        0.0000000000000000     
   3.8484510006474961       0.29142857142857148        0.0000000000000000     
   3.8484510006474961       0.38857142857142862        0.0000000000000000     
   3.8484510006474961       0.48571428571428577        0.0000000000000000     
   3.8484510006474961       0.58285714285714296        0.0000000000000000     
   3.8484510006474961       0.68000000000000016        0.0000000000000000     
   3.9444441095071840      -0.68000000000000016        0.0000000000000000     
   3.9444441095071840      -0.58285714285714296        0.0000000000000000     
   3.9444441095071840      -0.48571428571428577        0.0000000000000000     
   3.9444441095071840      -0.38857142857142862        0.0000000000000000     
   3.9444441095071840      -0.29142857142857148        0.0000000000000000     
   3.9444441095071840      -0.19428571428571431        0.0000000000000000     
   3.9444441095071840       -9.7142857142857156E-002   0.0000000000000000     
   3.9444441095071840       -0.0000000000000000        0.0000000000000000     
   3.9444441095071840        0.0000000000000000        0.0000000000000000     
   3.9444441095071840        0.0000000000000000        0.0000000000000000     
   3.9444441095071840        0.0000000000000000        0.0000000000000000     
   3.9444441095071840        9.7142857142857156E-002   0.0000000000000000     
   3.9444441095071840       0.19428571428571431        0.0000000000000000     
   3.9444441095071840       0.29142857142857148        0.0000000000000000     
   3.9444441095071840       0.38857142857142862        0.0000000000000000     
   3.9444441095071840       0.48571428571428577        0.0000000000000000     
   3.9444441095071840       0.58285714285714296        0.0000000000000000     
   3.9444441095071840       0.68000000000000016        0.0000000000000000     
   4.0404372183668720      -0.68000000000000016        0.0000000000000000     
   4.0404372183668720      -0.58285714285714296        0.0000000000000000     
   4.0404372183668720      -0.48571428571428577        0.0000000000000000     
   4.0404372183668720      -0.38857142857142862        0.0000000000000000     
   4.0404372183668720      -0.29142857142857148        0.0000000000000000     
   4.0404372183668720      -0.19428571428571431        0.0000000000000000     
   4.0404372183668720       -9.7142857142857156E-002   0.0000000000000000     
   4.0404372183668720       -0.0000000000000000        0.0000000000000000     
   4.0404372183668720        0.0000000000000000        0.0000000000000000     
   4.0404372183668720        0.0000000000000000        0.0000000000000000     
   4.0404372183668720        0.0000000000000000        0.0000000000000000     
   4.0404372183668720        9.7142857142857156E-002   0.0000000000000000     
   4.0404372183668720       0.19428571428571431        0.0000000000000000     
   4.0404372183668720       0.29142857142857148        0.0000000000000000     
   4.0404372183668720       0.38857142857142862        0.0000000000000000     
   4.0404372183668720       0.48571428571428577        0.0000000000000000     
   4.0404372183668720       0.58285714285714296        0.0000000000000000     
   4.0404372183668720       0.68000000000000016        0.0000000000000000     
   4.1364303272265603      -0.68000000000000016        0.0000000000000000     
   4.1364303272265603      -0.58285714285714296        0.0000000000000000     
   4.1364303272265603      -0.48571428571428577        0.0000000000000000     
   4.1364303272265603      -0.38857142857142862        0.0000000000000000     
   4.1364303272265603      -0.29142857142857148        0.0000000000000000     
   4.1364303272265603      -0.19428571428571431        0.0000000000000000     
   4.1364303272265603       -9.7142857142857156E-002   0.0000000000000000     
   4.1364303272265603       -0.0000000000000000        0.0000000000000000     
   4.1364303272265603        0.0000000000000000        0.0000000000000000     
   4.1364303272265603        0.0000000000000000        0.0000000000000000     
   4.1364303272265603        0.0000000000000000        0.0000000000000000     
   4.1364303272265603        9.7142857142857156E-002   0.0000000000000000     
   4.1364303272265603       0.19428571428571431        0.0000000000000000     
   4.1364303272265603       0.29142857142857148        0.0000000000000000     
   4.1364303272265603       0.38857142857142862        0.0000000000000000     
   4.1364303272265603       0.48571428571428577        0.0000000000000000     
   4.1364303272265603       0.58285714285714296        0.0000000000000000     
   4.1364303272265603       0.68000000000000016        0.0000000000000000     
   4.2324234360862487      -0.68000000000000016        0.0000000000000000     
   4.2324234360862487      -0.58285714285714296        0.0000000000000000     
   4.2324234360862487      -0.48571428571428577        0.0000000000000000     
   4.2324234360862487      -0.38857142857142862        0.0000000000000000     
   4.2324234360862487      -0.29142857142857148        0.0000000000000000     
   4.2324234360862487      -0.19428571428571431        0.0000000000000000     
   4.2324234360862487       -9.7142857142857156E-002   0.0000000000000000     
   4.2324234360862487       -0.0000000000000000        0.0000000000000000     
   4.2324234360862487        0.0000000000000000        0.0000000000000000     
   4.2324234360862487        0.0000000000000000        0.0000000000000000     
   4.2324234360862487        0.0000000000000000        0.0000000000000000     
   4.2324234360862487        9.7142857142857156E-002   0.0000000000000000     
   4.2324234360862487       0.19428571428571431        0.0000000000000000     
   4.2324234360862487       0.29142857142857148        0.0000000000000000     
   4.2324234360862487       0.38857142857142862        0.0000000000000000     
   4.2324234360862487       0.48571428571428577        0.0000000000000000     
   4.2324234360862487       0.58285714285714296        0.0000000000000000     
   4.2324234360862487       0.68000000000000016        0.0000000000000000     
   4.3284165449459371      -0.68000000000000016        0.0000000000000000     
   4.3284165449459371      -0.58285714285714296        0.0000000000000000     
   4.3284165449459371      -0.48571428571428577        0.0000000000000000     
   4.3284165449459371      -0.38857142857142862        0.0000000000000000     
   4.3284165449459371      -0.29142857142857148        0.0000000000000000     
   4.3284165449459371      -0.19428571428571431        0.0000000000000000     
   4.3284165449459371       -9.7142857142857156E-002   0.0000000000000000     
   4.3284165449459371       -0.0000000000000000        0.0000000000000000     
   4.3284165449459371        0.0000000000000000        0.0000000000000000     
   4.3284165449459371        0.0000000000000000        0.0000000000000000     
   4.3284165449459371        0.0000000000000000        0.0000000000000000     
   4.3284165449459371        9.7142857142857156E-002   0.0000000000000000     
   4.3284165449459371       0.19428571428571431        0.0000000000000000     
   4.3284165449459371       0.29142857142857148        0.0000000000000000     
   4.3284165449459371       0.38857142857142862        0.0000000000000000     
   4.3284165449459371       0.48571428571428577        0.0000000000000000     
   4.3284165449459371       0.58285714285714296        0.0000000000000000     
   4.3284165449459371       0.68000000000000016        0.0000000000000000     
   4.4244096538056255      -0.68000000000000016        0.0000000000000000     
   4.4244096538056255      -0.58285714285714296        0.0000000000000000     
   4.4244096538056255      -0.48571428571428577        0.0000000000000000     
   4.4244096538056255      -0.38857142857142862        0.0000000000000000     
   4.4244096538056255      -0.29142857142857148        0.0000000000000000     
   4.4244096538056255      -0.19428571428571431        0.0000000000000000     
   4.4244096538056255       -9.7142857142857156E-002   0.0000000000000000     
   4.4244096538056255       -0.0000000000000000        0.0000000000000000     
   4.4244096538056255        0.0000000000000000        0.0000000000000000     
   4.4244096538056255        0.0000000000000000        0.0000000000000000     
   4.4244096538056255        0.0000000000000000        0.0000000000000000     
   4.4244096538056255        9.7142857142857156E-002   0.0000000000000000     
   4.4244096538056255       0.19428571428571431        0.0000000000000000     
   4.4244096538056255       0.29142857142857148        0.0000000000000000     
   4.4244096538056255       0.38857142857142862        0.0000000000000000     
   4.4244096538056255       0.48571428571428577        0.0000000000000000     
   4.4244096538056255       0.58285714285714296        0.0000000000000000     
   4.4244096538056255       0.68000000000000016        0.0000000000000000     
   4.5204027626653138      -0.68000000000000016        0.0000000000000000     
   4.5204027626653138      -0.58285714285714296        0.0000000000000000     
   4.5204027626653138      -0.48571428571428577        0.0000000000000000     
   4.5204027626653138      -0.38857142857142862        0.0000000000000000     
   4.5204027626653138      -0.29142857142857148        0.0000000000000000     
   4.5204027626653138      -0.19428571428571431        0.0000000000000000     
   4.5204027626653138       -9.7142857142857156E-002   0.0000000000000000     
   4.5204027626653138       -0.0000000000000000        0.0000000000000000     
   4.5204027626653138        0.0000000000000000        0.0000000000000000     
   4.5204027626653138        0.0000000000000000        0.0000000000000000     
   4.5204027626653138        0.0000000000000000        0.0000000000000000     
   4.5204027626653138        9.7142857142857156E-002   0.0000000000000000     
   4.5204027626653138       0.19428571428571431        0.0000000000000000     
   4.5204027626653138       0.29142857142857148        0.0000000000000000     
   4.5204027626653138       0.38857142857142862        0.0000000000000000     
   4.5204027626653138       0.48571428571428577        0.0000000000000000     
   4.5204027626653138       0.58285714285714296        0.0000000000000000     
   4.5204027626653138       0.68000000000000016        0.0000000000000000     
   4.6163958715250022      -0.68000000000000016        0.0000000000000000     
   4.6163958715250022      -0.58285714285714296        0.0000000000000000     
   4.6163958715250022      -0.48571428571428577        0.0000000000000000     
   4.6163958715250022      -0.38857142857142862        0.0000000000000000     
   4.6163958715250022      -0.29142857142857148        0.0000000000000000     
   4.6163958715250022      -0.19428571428571431        0.0000000000000000     
   4.6163958715250022       -9.7142857142857156E-002   0.0000000000000000     
   4.6163958715250022       -0.0000000000000000        0.0000000000000000     
   4.6163958715250022        0.0000000000000000        0.0000000000000000     
   4.6163958715250022        0.0000000000000000        0.0000000000000000     
   4.6163958715250022        0.0000000000000000        0.0000000000000000     
   4.6163958715250022        9.7142857142857156E-002   0.0000000000000000     
   4.6163958715250022       0.19428571428571431        0.0000000000000000     
   4.6163958715250022       0.29142857142857148        0.0000000000000000     
   4.6163958715250022       0.38857142857142862        0.0000000000000000     
   4.6163958715250022       0.48571428571428577        0.0000000000000000     
   4.6163958715250022       0.58285714285714296        0.0000000000000000     
   4.6163958715250022       0.68000000000000016        0.0000000000000000     
   4.7123889803846906      -0.68000000000000016        0.0000000000000000     
   4.7123889803846906      -0.58285714285714296        0.0000000000000000     
   4.7123889803846906      -0.48571428571428577        0.0000000000000000     
   4.7123889803846906      -0.38857142857142862        0.0000000000000000     
   4.7123889803846906      -0.29142857142857148        0.0000000000000000     
   4.7123889803846906      -0.19428571428571431        0.0000000000000000     
   4.7123889803846906       -9.7142857142857156E-002   0.0000000000000000     
   4.7123889803846906       -0.0000000000000000        0.0000000000000000     
   4.7123889803846906        0.0000000000000000        0.0000000000000000     
   4.7123889803846906        0.0000000000000000        0.0000000000000000     
   4.7123889803846906        0.0000000000000000        0.0000000000000000     
   4.7123889803846906        9.7142857142857156E-002   0.0000000000000000     
   4.7123889803846906       0.19428571428571431        0.0000000000000000     
   4.7123889803846906       0.29142857142857148        0.0000000000000000     
   4.7123889803846906       0.38857142857142862        0.0000000000000000     
   4.7123889803846906       0.48571428571428577        0.0000000000000000     
   4.7123889803846906       0.58285714285714296        0.0000000000000000     
   4.7123889803846906       0.68000000000000016        0.0000000000000000     
   4.8083820892443789      -0.68000000000000016        0.0000000000000000     
   4.8083820892443789      -0.58285714285714296        0.0000000000000000     
   4.8083820892443789      -0.48571428571428577        0.0000000000000000     
   4.8083820892443789      -0.38857142857142862        0.0000000000000000     
   4.8083820892443789      -0.29142857142857148        0.0000000000000000     
   4.8083820892443789      -0.19428571428571431        0.0000000000000000     
   4.8083820892443789       -9.7142857142857156E-002   0.0000000000000000     
   4.8083820892443789       -0.0000000000000000        0.0000000000000000     
   4.8083820892443789        0.0000000000000000        0.0000000000000000     
   4.8083820892443789        0.0000000000000000        0.0000000000000000     
   4.8083820892443789        0.0000000000000000        0.0000000000000000     
   4.8083820892443789        9.7142857142857156E-002   0.0000000000000000     
   4.8083820892443789       0.19428571428571431        0.0000000000000000     
   4.8083820892443789       0.29142857142857148        0.0000000000000000     
   4.8083820892443789       0.38857142857142862        0.0000000000000000     
   4.8083820892443789       0.48571428571428577        0.0000000000000000     
   4.8083820892443789       0.58285714285714296        0.0000000000000000     
   4.8083820892443789       0.68000000000000016        0.0000000000000000     
   4.9043751981040673      -0.68000000000000016        0.0000000000000000     
   4.9043751981040673      -0.58285714285714296        0.0000000000000000     
   4.9043751981040673      -0.48571428571428577        0.0000000000000000     
   4.9043751981040673      -0.38857142857142862        0.0000000000000000     
   4.9043751981040673      -0.29142857142857148        0.0000000000000000     
   4.9043751981040673      -0.19428571428571431        0.0000000000000000     
   4.9043751981040673       -9.7142857142857156E-002   0.0000000000000000     
   4.9043751981040673       -0.0000000000000000        0.0000000000000000     
   4.9043751981040673        0.0000000000000000        0.0000000000000000     
   4.9043751981040673        0.0000000000000000        0.0000000000000000     
   4.9043751981040673        0.0000000000000000        0.0000000000000000     
   4.9043751981040673        9.7142857142857156E-002   0.0000000000000000     
   4.9043751981040673       0.19428571428571431        0.0000000000000000     
   4.9043751981040673       0.29142857142857148        0.0000000000000000     
   4.9043751981040673       0.38857142857142862        0.0000000000000000     
   4.9043751981040673       0.48571428571428577        0.0000000000000000     
   4.9043751981040673       0.58285714285714296        0.0000000000000000     
   4.9043751981040673       0.68000000000000016        0.0000000000000000     
   5.0003683069637557      -0.68000000000000016        0.0000000000000000     
   5.0003683069637557      -0.58285714285714296        0.0000000000000000     
   5.0003683069637557      -0.48571428571428577        0.0000000000000000     
   5.0003683069637557      -0.38857142857142862        0.0000000000000000     
   5.0003683069637557      -0.29142857142857148        0.0000000000000000     
   5.0003683069637557      -0.19428571428571431        0.0000000000000000     
   5.0003683069637557       -9.7142857142857156E-002   0.0000000000000000     
   5.0003683069637557       -0.0000000000000000        0.0000000000000000     
   5.0003683069637557        0.0000000000000000        0.0000000000000000     
   5.0003683069637557        0.0000000000000000        0.0000000000000000     
   5.0003683069637557        0.0000000000000000        0.0000000000000000     
   5.0003683069637557        9.7142857142857156E-002   0.0000000000000000     
   5.0003683069637557       0.19428571428571431        0.0000000000000000     
   5.0003683069637557       0.29142857142857148        0.0000000000000000     
   5.0003683069637557       0.38857142857142862        0.0000000000000000     
   5.0003683069637557       0.48571428571428577        0.0000000000000000     
   5.0003683069637557       0.58285714285714296        0.0000000000000000     
   5.0003683069637557       0.68000000000000016        0.0000000000000000     
   5.0963614158234440      -0.68000000000000016        0.0000000000000000     
   5.0963614158234440      -0.58285714285714296        0.0000000000000000     
   5.0963614158234440      -0.48571428571428577        0.0000000000000000     
   5.0963614158234440      -0.38857142857142862        0.0000000000000000     
   5.0963614158234440      -0.29142857142857148        0.0000000000000000     
   5.0963614158234440      -0.19428571428571431        0.0000000000000000     
   5.0963614158234440       -9.7142857142857156E-002   0.0000000000000000     
   5.0963614158234440       -0.0000000000000000        0.0000000000000000     
   5.0963614158234440        0.0000000000000000        0.0000000000000000     
   5.0963614158234440        0.0000000000000000        0.0000000000000000     
   5.0963614158234440        0.0000000000000000        0.0000000000000000     
   5.0963614158234440        9.7142857142857156E-002   0.0000000000000000     
   5.0963614158234440       0.19428571428571431        0.0000000000000000     
   5.0963614158234440       0.29142857142857148        0.0000000000000000     
   5.0963614158234440       0.38857142857142862        0.0000000000000000     
   5.0963614158234440       0.48571428571428577        0.0000000000000000     
   5.0963614158234440       0.58285714285714296        0.0000000000000000     
   5.0963614158234440       0.68000000000000016        0.0000000000000000     
   5.1923545246831324      -0.68000000000000016        0.0000000000000000     
   5.1923545246831324      -0.58285714285714296        0.0000000000000000     
   5.1923545246831324      -0.48571428571428577        0.0000000000000000     
   5.1923545246831324      -0.38857142857142862        0.0000000000000000     
   5.1923545246831324      -0.29142857142857148        0.0000000000000000     
   5.1923545246831324      -0.19428571428571431        0.0000000000000000     
   5.1923545246831324       -9.7142857142857156E-002   0.0000000000000000     
   5.1923545246831324       -0.0000000000000000        0.0000000000000000     
   5.1923545246831324        0.0000000000000000        0.0000000000000000     
   5.1923545246831324        0.0000000000000000        0.0000000000000000     
   5.1923545246831324        0.0000000000000000        0.0000000000000000     
   5.1923545246831324        9.7142857142857156E-002   0.0000000000000000     
   5.1923545246831324       0.19428571428571431        0.0000000000000000     
   5.1923545246831324       0.29142857142857148        0.0000000000000000     
   5.1923545246831324       0.38857142857142862        0.0000000000000000     
   5.1923545246831324       0.48571428571428577        0.0000000000000000     
   5.1923545246831324       0.58285714285714296        0.0000000000000000     
   5.1923545246831324       0.68000000000000016        0.0000000000000000     
   5.2883476335428208      -0.68000000000000016        0.0000000000000000     
   5.2883476335428208      -0.58285714285714296        0.0000000000000000     
   5.2883476335428208      -0.48571428571428577        0.0000000000000000     
   5.2883476335428208      -0.38857142857142862        0.0000000000000000     
   5.2883476335428208      -0.29142857142857148        0.0000000000000000     
   5.2883476335428208      -0.19428571428571431        0.0000000000000000     
   5.2883476335428208       -9.7142857142857156E-002   0.0000000000000000     
   5.2883476335428208       -0.0000000000000000        0.0000000000000000     
   5.2883476335428208        0.0000000000000000        0.0000000000000000     
   5.2883476335428208        0.0000000000000000        0.0000000000000000     
   5.2883476335428208        0.0000000000000000        0.0000000000000000     
   5.2883476335428208        9.7142857142857156E-002   0.0000000000000000     
   5.2883476335428208       0.19428571428571431        0.0000000000000000     
   5.2883476335428208       0.29142857142857148        0.0000000000000000     
   5.2883476335428208       0.38857142857142862        0.0000000000000000     
   5.2883476335428208       0.48571428571428577        0.0000000000000000     
   5.2883476335428208       0.58285714285714296        0.0000000000000000     
   5.2883476335428208       0.68000000000000016        0.0000000000000000     
   5.3843407424025092      -0.68000000000000016        0.0000000000000000     
   5.3843407424025092      -0.58285714285714296        0.0000000000000000     
   5.3843407424025092      -0.48571428571428577        0.0000000000000000     
   5.3843407424025092      -0.38857142857142862        0.0000000000000000     
   5.3843407424025092      -0.29142857142857148        0.0000000000000000     
   5.3843407424025092      -0.19428571428571431        0.0000000000000000     
   5.3843407424025092       -9.7142857142857156E-002   0.0000000000000000     
   5.3843407424025092       -0.0000000000000000        0.0000000000000000     
   5.3843407424025092        0.0000000000000000        0.0000000000000000     
   5.3843407424025092        0.0000000000000000        0.0000000000000000     
   5.3843407424025092        0.0000000000000000        0.0000000000000000     
   5.3843407424025092        9.7142857142857156E-002   0.0000000000000000     
   5.3843407424025092       0.19428571428571431        0.0000000000000000     
   5.3843407424025092       0.29142857142857148        0.0000000000000000     
   5.3843407424025092       0.38857142857142862        0.0000000000000000     
   5.3843407424025092       0.48571428571428577        0.0000000000000000     
   5.3843407424025092       0.58285714285714296        0.0000000000000000     
   5.3843407424025092       0.68000000000000016        0.0000000000000000     
   5.4803338512621975      -0.68000000000000016        0.0000000000000000     
   5.4803338512621975      -0.58285714285714296        0.0000000000000000     
   5.4803338512621975      -0.48571428571428577        0.0000000000000000     
   5.4803338512621975      -0.38857142857142862        0.0000000000000000     
   5.4803338512621975      -0.29142857142857148        0.0000000000000000     
   5.4803338512621975      -0.19428571428571431        0.0000000000000000     
   5.4803338512621975       -9.7142857142857156E-002   0.0000000000000000     
   5.4803338512621975       -0.0000000000000000        0.0000000000000000     
   5.4803338512621975        0.0000000000000000        0.0000000000000000     
   5.4803338512621975        0.0000000000000000        0.0000000000000000     
   5.4803338512621975        0.0000000000000000        0.0000000000000000     
   5.4803338512621975        9.7142857142857156E-002   0.0000000000000000     
   5.4803338512621975       0.19428571428571431        0.0000000000000000     
   5.4803338512621975       0.29142857142857148        0.0000000000000000     
   5.4803338512621975       0.38857142857142862        0.0000000000000000     
   5.4803338512621975       0.48571428571428577        0.0000000000000000     
   5.4803338512621975       0.58285714285714296        0.0000000000000000     
   5.4803338512621975       0.68000000000000016        0.0000000000000000     
   5.5763269601218859      -0.68000000000000016        0.0000000000000000     
   5.5763269601218859      -0.58285714285714296        0.0000000000000000     
   5.5763269601218859      -0.48571428571428577        0.0000000000000000     
   5.5763269601218859      -0.38857142857142862        0.0000000000000000     
   5.5763269601218859      -0.29142857142857148        0.0000000000000000     
   5.5763269601218859      -0.19428571428571431        0.0000000000000000     
   5.5763269601218859       -9.7142857142857156E-002   0.0000000000000000     
   5.5763269601218859       -0.0000000000000000        0.0000000000000000     
   5.5763269601218859        0.0000000000000000        0.0000000000000000     
   5.5763269601218859        0.0000000000000000        0.0000000000000000     
   5.5763269601218859        0.0000000000000000        0.0000000000000000     
   5.5763269601218859        9.7142857142857156E-002   0.0000000000000000     
   5.5763269601218859       0.19428571428571431        0.0000000000000000     
   5.5763269601218859       0.29142857142857148        0.0000000000000000     
   5.5763269601218859       0.38857142857142862        0.0000000000000000     
   5.5763269601218859       0.48571428571428577        0.0000000000000000     
   5.5763269601218859       0.58285714285714296        0.0000000000000000     
   5.5763269601218859       0.68000000000000016        0.0000000000000000     
   5.6723200689815743      -0.68000000000000016        0.0000000000000000     
   5.6723200689815743      -0.58285714285714296        0.0000000000000000     
   5.6723200689815743      -0.48571428571428577        0.0000000000000000     
   5.6723200689815743      -0.38857142857142862        0.0000000000000000     
   5.6723200689815743      -0.29142857142857148        0.0000000000000000     
   5.6723200689815743      -0.19428571428571431        0.0000000000000000     
   5.6723200689815743       -9.7142857142857156E-002   0.0000000000000000     
   5.6723200689815743       -0.0000000000000000        0.0000000000000000     
   5.6723200689815743        0.0000000000000000        0.0000000000000000     
   5.6723200689815743        0.0000000000000000        0.0000000000000000     
   5.6723200689815743        0.0000000000000000        0.0000000000000000     
   5.6723200689815743        9.7142857142857156E-002   0.0000000000000000     
   5.6723200689815743       0.19428571428571431        0.0000000000000000     
   5.6723200689815743       0.29142857142857148        0.0000000000000000     
   5.6723200689815743       0.38857142857142862        0.0000000000000000     
   5.6723200689815743       0.48571428571428577        0.0000000000000000     
   5.6723200689815743       0.58285714285714296        0.0000000000000000     
   5.6723200689815743       0.68000000000000016        0.0000000000000000     
   5.7683131778412626      -0.68000000000000016        0.0000000000000000     
   5.7683131778412626      -0.58285714285714296        0.0000000000000000     
   5.7683131778412626      -0.48571428571428577        0.0000000000000000     
   5.7683131778412626      -0.38857142857142862        0.0000000000000000     
   5.7683131778412626      -0.29142857142857148        0.0000000000000000     
   5.7683131778412626      -0.19428571428571431        0.0000000000000000     
   5.7683131778412626       -9.7142857142857156E-002   0.0000000000000000     
   5.7683131778412626       -0.0000000000000000        0.0000000000000000     
   5.7683131778412626        0.0000000000000000        0.0000000000000000     
   5.7683131778412626        0.0000000000000000        0.0000000000000000     
   5.7683131778412626        0.0000000000000000        0.0000000000000000     
   5.7683131778412626        9.7142857142857156E-002   0.0000000000000000     
   5.7683131778412626       0.19428571428571431        0.0000000000000000     
   5.7683131778412626       0.29142857142857148        0.0000000000000000     
   5.7683131778412626       0.38857142857142862        0.0000000000000000     
   5.7683131778412626       0.48571428571428577        0.0000000000000000     
   5.7683131778412626       0.58285714285714296        0.0000000000000000     
   5.7683131778412626       0.68000000000000016        0.0000000000000000     
   5.8643062867009510      -0.68000000000000016        0.0000000000000000     
   5.8643062867009510      -0.58285714285714296        0.0000000000000000     
   5.8643062867009510      -0.48571428571428577        0.0000000000000000     
   5.8643062867009510      -0.38857142857142862        0.0000000000000000     
   5.8643062867009510      -0.29142857142857148        0.0000000000000000     
   5.8643062867009510      -0.19428571428571431        0.0000000000000000     
   5.8643062867009510       -9.7142857142857156E-002   0.0000000000000000     
   5.8643062867009510       -0.0000000000000000        0.0000000000000000     
   5.8643062867009510        0.0000000000000000        0.0000000000000000     
   5.8643062867009510        0.0000000000000000        0.0000000000000000     
   5.8643062867009510        0.0000000000000000        0.0000000000000000     
   5.8643062867009510        9.7142857142857156E-002   0.0000000000000000     
   5.8643062867009510       0.19428571428571431        0.0000000000000000     
   5.8643062867009510       0.29142857142857148        0.0000000000000000     
   5.8643062867009510       0.38857142857142862        0.0000000000000000     
   5.8643062867009510       0.48571428571428577        0.0000000000000000     
   5.8643062867009510       0.58285714285714296        0.0000000000000000     
   5.8643062867009510       0.68000000000000016        0.0000000000000000     